N, blockX, blockY, avg_time
32, 	128, 	1, 	0.025781
32, 	256, 	1, 	0.0260783
64, 	32, 	1, 	0.0868429
64, 	32, 	4, 	0.08893480000000001
64, 	64, 	4, 	0.0895114
64, 	128, 	2, 	0.0883871
64, 	128, 	4, 	0.0883425
64, 	256, 	1, 	0.0860138
64, 	256, 	2, 	0.0860615
64, 	256, 	4, 	0.0854018
128, 	32, 	4, 	0.3408096
128, 	32, 	8, 	0.34071379999999996
128, 	64, 	4, 	0.34139169999999996
128, 	128, 	4, 	0.3383906
128, 	256, 	1, 	0.3318611
128, 	256, 	2, 	0.3247291
128, 	256, 	4, 	0.32049009999999994
256, 	8, 	8, 	0.6933995000000001
256, 	16, 	8, 	0.8055676999999999
256, 	32, 	4, 	0.8483272
256, 	64, 	4, 	0.851386
256, 	128, 	4, 	0.8274054999999999
256, 	256, 	4, 	0.7735302
512, 	64, 	8, 	1.4113991
512, 	128, 	4, 	1.4268650999999999
512, 	256, 	1, 	1.4301993000000002
512, 	256, 	4, 	1.3391195
1024, 	32, 	4, 	2.3417831000000002
1024, 	64, 	4, 	2.3135263000000004
1024, 	128, 	4, 	2.3134784
1024, 	128, 	8, 	2.1577205
1024, 	256, 	1, 	2.3627605000000003
1024, 	256, 	2, 	2.2788431
1024, 	256, 	4, 	2.1791729999999996
