grid, unroll, mem_ld_eff [%], glbl_ld_thrpt [GB/s], acc_occ,
###########################################################
32, 12.622, 75.60, 13.408, 0.240598,
64, 7.3908, 86.15, 20.098, 0.467431,
128, 4.4589, 92.57, 30.810, 0.931232, 
256, 5.0591, 96.15, 26.296, 0.932459,
512, 5.9922, 98.04, 21.872, 0.938926, 
1024, 7.5391, 99.01, 16.377, 0.951280,

grid, interleave, mem_ld_eff, glbl_ld_thrpt, acc_occ,
#############################################################
32, 22.269, 60.58, 9.4590, 0.239315,
64, 13.141, 75.60, 12.899, 0.463257,
128, 7.8631, 86.15, 19.064, 0.921957,
256, 8.9468, 92.57, 15.568, 0.924321,
512, 10.730, 96.15, 12.453, 0.932730, 
1024, 13.258, 98.04, 8.9266, 0.949046,

