t_GPU, t_CPU, t_CPU/t_GPU,
0.000020, 0.000001, 0.047619,
0.000019, 0.000003, 0.162500,
0.000019, 0.000006, 0.312500,
0.000019, 0.000012, 0.645570,
0.000019, 0.000022, 1.177215,
0.000019, 0.000040, 2.126582,
0.000020, 0.000063, 3.142857,
0.000019, 0.000097, 5.151899,
0.000020, 0.000154, 7.690476,
0.000018, 0.000210, 11.746667,
0.000019, 0.000290, 15.392405,
0.000019, 0.000400, 20.975000,
0.000019, 0.000523, 27.412500,
0.000017, 0.000681, 40.239437,
0.000020, 0.000880, 43.940476,
0.000020, 0.001109, 55.380952,
0.000021, 0.001372, 65.397727,
0.000020, 0.001673, 84.554217,
0.000022, 0.002038, 92.913043,
0.000022, 0.002462, 112.239130,
0.000025, 0.002964, 119.538462,
0.000023, 0.003536, 154.489583,
0.000025, 0.004124, 164.742857,
0.000025, 0.004873, 194.657143,
0.000025, 0.005689, 227.257143,
0.000025, 0.006554, 261.800000,
0.000026, 0.007558, 290.834862,
0.000025, 0.008692, 347.209524,
0.000027, 0.009902, 367.539823,
0.000023, 0.011252, 491.604167,
0.000025, 0.012744, 509.066667,
0.000025, 0.014350, 573.219048,
0.000025, 0.016110, 643.523810,
0.000025, 0.018099, 722.980952,
0.000008, 0.020207, 2492.764706,
0.000025, 0.022489, 898.342857,
0.000025, 0.024994, 998.400000,
0.000024, 0.027709, 1150.693069,
0.000008, 0.030575, 3771.794118,
0.000026, 0.033758, 1299.000000,
0.000006, 0.037059, 6217.480000,
0.000026, 0.040687, 1565.633028,
0.000026, 0.044525, 1697.736364,
0.000026, 0.048699, 1873.935780,
0.000008, 0.053016, 6540.147059,
0.000025, 0.057855, 2311.057143,
0.000026, 0.063160, 2430.394495,
0.000025, 0.067991, 2715.952381,
0.000027, 0.073650, 2733.716814,
0.000027, 0.079697, 2958.168142,
0.000008, 0.086364, 10654.029412,
0.000024, 0.093024, 3863.079208,
0.000026, 0.099870, 3842.981651,
0.000033, 0.107574, 3246.028777,
0.000028, 0.115278, 4132.572650,
0.000026, 0.124326, 4784.045872,
0.000008, 0.132443, 16338.411765,
0.000024, 0.141953, 5894.990099,
0.000008, 0.151481, 19253.242424,
0.000028, 0.161962, 5806.136752,
0.000030, 0.172669, 5747.833333,
0.000024, 0.183715, 7629.267327,
0.000028, 0.195623, 7012.846154,
0.000027, 0.208262, 7662.403509,
