t_GPU, t_CPU, t_CPU/t_GPU,
0.000019, 0.000001, 0.050000,
0.000019, 0.000002, 0.100000,
0.000019, 0.000006, 0.312500,
0.000019, 0.000012, 0.625000,
0.000019, 0.000023, 1.200000,
0.000019, 0.000039, 2.075949,
0.000019, 0.000063, 3.300000,
0.000020, 0.000096, 4.797619,
0.000019, 0.000147, 7.712500,
0.000019, 0.000209, 10.950000,
0.000019, 0.000291, 15.262500,
0.000019, 0.000393, 20.600000,
0.000019, 0.000524, 27.810127,
0.000018, 0.000681, 37.578947,
0.000019, 0.000873, 45.762500,
0.000020, 0.001102, 55.035714,
0.000021, 0.001378, 65.670455,
0.000021, 0.001686, 80.352273,
0.000023, 0.002048, 89.479167,
0.000023, 0.002482, 107.319588,
0.000023, 0.002961, 128.030928,
0.000023, 0.003509, 151.731959,
0.000025, 0.004173, 166.695238,
0.000024, 0.004894, 203.227723,
0.000025, 0.005679, 226.847619,
0.000025, 0.006567, 264.846154,
0.000026, 0.007577, 291.559633,
0.000028, 0.008694, 309.025424,
0.000026, 0.009907, 381.220183,
0.000023, 0.011266, 487.144330,
0.000025, 0.012734, 508.666667,
0.000024, 0.014363, 602.430000,
0.000025, 0.016138, 644.647619,
0.000024, 0.018095, 751.445545,
0.000007, 0.020215, 2826.266667,
0.000025, 0.022507, 899.066667,
0.000025, 0.025045, 1010.057692,
0.000024, 0.027687, 1149.772277,
0.000007, 0.030565, 4273.300000,
0.000025, 0.033713, 1346.685714,
0.000008, 0.037085, 4713.515152,
0.000026, 0.040624, 1563.201835,
0.000026, 0.044493, 1712.082569,
0.000026, 0.048652, 1872.119266,
0.000008, 0.052997, 6735.909091,
0.000024, 0.057821, 2401.178218,
0.000026, 0.062691, 2412.339450,
0.000027, 0.068039, 2525.451327,
0.000027, 0.073721, 2736.353982,
0.000026, 0.079839, 3072.192661,
0.000008, 0.086309, 10969.878788,
0.000034, 0.092752, 2739.647887,
0.000027, 0.099842, 3705.911504,
0.000024, 0.107629, 4514.290000,
0.000027, 0.115288, 4279.230088,
0.000026, 0.124185, 4778.614679,
0.000007, 0.132552, 18532.100000,
0.000025, 0.149010, 5952.323810,
0.000008, 0.151837, 19298.515152,
0.000027, 0.161843, 6007.247788,
0.000028, 0.173032, 6202.982906,
0.000024, 0.183714, 7705.520000,
0.000028, 0.195632, 7013.162393,
0.000027, 0.207917, 7649.710526,
