1, 1, 1, 3, 3,
2, 2, 2, 2, 2,
3, 1, 1, 5, 5,
4, 2, 2, 3, 3,
5, 1, 1, 7, 7,
6, 2, 2, 4, 4,
7, 3, 3, 3, 3,
8, 2, 2, 5, 5,
9, 1, 1, 11, 11,
10, 3, 3, 4, 4,
11, 1, 1, 13, 13,
12, 2, 2, 7, 7,
13, 3, 3, 5, 5,
14, 2, 2, 2, 2,
15, 1, 1, 17, 17,
16, 3, 3, 4, 9,
17, 1, 1, 19, 19,
18, 4, 4, 5, 5,
19, 3, 3, 7, 7,
20, 2, 2, 11, 11,
21, 1, 1, 23, 23,
22, 2, 2, 2, 2,
23, 5, 5, 5, 5,
24, 2, 2, 13, 13,
25, 3, 3, 9, 9,
26, 4, 4, 7, 7,
27, 1, 1, 29, 29,
28, 4, 5, 5, 9,
29, 1, 1, 31, 31,
30, 2, 2, 2, 2,
31, 3, 3, 11, 11,
32, 2, 2, 17, 17,
33, 5, 5, 7, 7,
34, 2, 2, 2, 2,
35, 1, 1, 37, 37,
36, 2, 2, 19, 19,
37, 3, 3, 13, 13,
38, 2, 2, 2, 2,
39, 1, 1, 41, 41,
40, 4, 7, 7, 9,
41, 1, 1, 43, 43,
42, 4, 4, 11, 11,
43, 5, 5, 9, 9,
44, 2, 2, 23, 23,
45, 1, 1, 47, 47,
46, 2, 2, 2, 2,
47, 7, 7, 7, 7,
48, 5, 5, 5, 20,
49, 3, 3, 17, 17,
50, 4, 4, 13, 13,
51, 1, 1, 53, 53,
52, 2, 2, 3, 3,
53, 5, 5, 11, 11,
54, 2, 2, 2, 2,
55, 3, 3, 19, 19,
56, 2, 2, 29, 29,
57, 1, 1, 59, 59,
58, 2, 2, 2, 2,
59, 1, 1, 61, 61,
60, 2, 2, 31, 31,
61, 7, 7, 9, 9,
62, 2, 2, 2, 2,
63, 5, 5, 13, 13,
64, 4, 9, 11, 11,
