0.000025, 0.000001, 0.038095,
0.000018, 0.000003, 0.171053,
0.000020, 0.000006, 0.309524,
0.000019, 0.000011, 0.575000,
0.000019, 0.000020, 1.050000,
0.000020, 0.000035, 1.738095,
0.000019, 0.000057, 2.987500,
0.000020, 0.000089, 4.452381,
0.000020, 0.000132, 6.595238,
0.000019, 0.000189, 10.037975,
0.000021, 0.000261, 12.443182,
0.000021, 0.000353, 16.818182,
0.000020, 0.000470, 23.746988,
0.000018, 0.000612, 33.776316,
0.000023, 0.000783, 33.855670,
0.000019, 0.000989, 51.850000,
0.000025, 0.001233, 49.257143,
0.000019, 0.001523, 80.860759,
0.000020, 0.001853, 93.638554,
0.000021, 0.002214, 105.522727,
0.000029, 0.002674, 91.926230,
0.000019, 0.003189, 167.187500,
0.000020, 0.003757, 187.595238,
0.000022, 0.004412, 201.141304,
0.000021, 0.005149, 245.420455,
0.000019, 0.005923, 310.537500,
0.000033, 0.006750, 205.152174,
0.000019, 0.007794, 408.625000,
0.000037, 0.008834, 239.045161,
0.000019, 0.010145, 531.887500,
0.000020, 0.011460, 572.226190,
0.000024, 0.012995, 539.653465,
0.000021, 0.014462, 681.550562,
0.000019, 0.016116, 844.937500,
0.000043, 0.018175, 421.171271,
0.000027, 0.020187, 742.719298,
0.000022, 0.022447, 1023.369565,
0.000019, 0.024670, 1309.797468,
0.000050, 0.027319, 545.638095,
0.000020, 0.030288, 1512.345238,
0.000053, 0.033115, 625.648649,
0.000021, 0.036284, 1729.386364,
0.000019, 0.039957, 2121.405063,
0.000028, 0.043638, 1564.367521,
0.000060, 0.047474, 790.162698,
0.000018, 0.051490, 2841.631579,
0.000018, 0.055941, 3128.453333,
0.000020, 0.060752, 3033.476190,
0.000023, 0.066073, 2886.770833,
0.000022, 0.071146, 3243.565217,
0.000073, 0.076919, 1054.320261,
0.000018, 0.082908, 4575.552632,
0.000021, 0.089170, 4250.068182,
0.000018, 0.096395, 5319.868421,
0.000025, 0.103938, 4151.876190,
0.000034, 0.111301, 3264.545455,
0.000085, 0.120105, 1415.047753,
0.000018, 0.128307, 7081.039474,
0.000091, 0.137119, 1505.547120,
0.000036, 0.144554, 4015.251656,
0.000019, 0.154082, 8078.337500,
0.000016, 0.164061, 10270.477612,
0.000020, 0.174682, 8722.250000,
0.000022, 0.185774, 8469.489130,
