t_GPU, t_CPU, t_CPU/t_GPU,
0.000026, 0.000001, 0.036697,
0.000019, 0.000003, 0.162500,
0.000019, 0.000006, 0.312500,
0.000019, 0.000012, 0.625000,
0.000019, 0.000023, 1.200000,
0.000018, 0.000039, 2.186667,
0.000019, 0.000063, 3.300000,
0.000020, 0.000098, 4.892857,
0.000019, 0.000147, 7.700000,
0.000019, 0.000206, 10.936709,
0.000019, 0.000291, 15.262500,
0.000019, 0.000394, 20.662500,
0.000019, 0.000524, 27.475000,
0.000018, 0.000682, 37.644737,
0.000019, 0.000873, 45.762500,
0.000019, 0.001102, 57.775000,
0.000020, 0.001379, 68.857143,
0.000020, 0.001690, 85.409639,
0.000021, 0.002069, 98.625000,
0.000023, 0.002471, 106.845361,
0.000024, 0.002964, 123.089109,
0.000023, 0.003549, 153.463918,
0.000026, 0.004153, 159.807339,
0.000024, 0.004865, 202.029703,
0.000024, 0.005708, 239.410000,
0.000028, 0.006593, 234.347458,
0.000026, 0.007559, 290.871560,
0.000026, 0.008652, 332.926606,
0.000026, 0.009899, 380.908257,
0.000024, 0.011238, 466.693069,
0.000025, 0.012754, 509.466667,
0.000025, 0.014347, 573.104762,
0.000025, 0.016159, 645.485714,
0.000024, 0.018097, 751.534653,
0.000008, 0.020209, 2493.029412,
0.000026, 0.022499, 865.761468,
0.000026, 0.024985, 961.412844,
0.000024, 0.027688, 1149.821782,
0.000008, 0.030563, 3770.323529,
0.000025, 0.033743, 1347.885714,
0.000007, 0.037113, 5367.724138,
0.000026, 0.040634, 1563.596330,
0.000027, 0.044501, 1651.778761,
0.000027, 0.048598, 1803.849558,
0.000008, 0.053013, 6539.794118,
0.000025, 0.057901, 2312.904762,
0.000027, 0.062691, 2326.946903,
0.000026, 0.068036, 2618.009174,
0.000027, 0.073652, 2733.787611,
0.000025, 0.079690, 3183.276190,
0.000008, 0.086001, 10609.235294,
0.000025, 0.093055, 3717.152381,
0.000027, 0.099942, 3709.619469,
0.000024, 0.107994, 4484.752475,
0.000027, 0.115851, 4300.123894,
0.000025, 0.124184, 4960.619048,
0.000009, 0.132472, 14621.763158,
0.000024, 0.141760, 5945.840000,
0.000008, 0.152005, 19319.848485,
0.000027, 0.162137, 6018.159292,
0.000029, 0.172655, 5935.803279,
0.000023, 0.183921, 8035.625000,
0.000028, 0.195563, 6951.271186,
0.000027, 0.208405, 7735.522124,
