t_GPU, t_CPU, t_CPU/t_GPU,
0.000019, 0.000001, 0.050633,
0.000019, 0.000002, 0.100000,
0.000019, 0.000005, 0.262500,
0.000019, 0.000011, 0.587500,
0.000019, 0.000020, 1.063291,
0.000018, 0.000035, 1.921053,
0.000018, 0.000057, 3.144737,
0.000019, 0.000088, 4.612500,
0.000019, 0.000131, 6.862500,
0.000019, 0.000188, 9.862500,
0.000019, 0.000261, 13.687500,
0.000020, 0.000353, 17.630952,
0.000027, 0.000460, 17.079646,
0.000017, 0.000607, 35.859155,
0.000020, 0.000774, 38.642857,
0.000019, 0.000989, 51.862500,
0.000020, 0.001232, 61.511905,
0.000020, 0.001496, 74.702381,
0.000020, 0.001843, 93.132530,
0.000021, 0.002216, 105.625000,
0.000020, 0.002681, 133.869048,
0.000019, 0.003141, 164.687500,
0.000019, 0.003698, 196.341772,
0.000022, 0.004376, 197.365591,
0.000021, 0.005073, 241.795455,
0.000020, 0.005906, 294.904762,
0.000021, 0.006776, 322.965909,
0.000020, 0.007750, 386.976190,
0.000019, 0.008956, 469.550000,
0.000018, 0.010090, 564.266667,
0.000020, 0.011456, 572.011905,
0.000024, 0.012831, 532.841584,
0.000019, 0.014500, 760.225000,
0.000017, 0.016327, 964.521127,
0.000005, 0.018235, 3642.047619,
0.000027, 0.020131, 747.212389,
0.000021, 0.022352, 1065.352273,
0.000017, 0.024943, 1473.507042,
0.000005, 0.027327, 5458.000000,
0.000019, 0.030078, 1596.911392,
0.000006, 0.033120, 5556.640000,
0.000021, 0.036465, 1738.011364,
0.000021, 0.040191, 1915.602273,
0.000030, 0.043423, 1457.040000,
0.000005, 0.047363, 9459.761905,
0.000019, 0.051539, 2736.329114,
0.000018, 0.055957, 3129.333333,
0.000021, 0.060885, 2901.943182,
0.000023, 0.065896, 2849.360825,
0.000023, 0.071496, 3091.494845,
0.000006, 0.076846, 12892.600000,
0.000017, 0.083876, 4886.125000,
0.000021, 0.090087, 4293.772727,
0.000018, 0.097272, 5368.263158,
0.000024, 0.103055, 4279.643564,
0.000033, 0.110581, 3336.762590,
0.000006, 0.118384, 19097.615385,
0.000019, 0.126510, 6632.762500,
0.000006, 0.135367, 22710.800000,
0.000035, 0.144703, 4128.768707,
0.000022, 0.153977, 6944.365591,
0.000016, 0.163989, 10265.970149,
0.000020, 0.175431, 8759.654762,
0.000021, 0.185880, 8859.511364,
