t_GPU, t_CPU, t_CPU/t_GPU,
0.000019, 0.000001, 0.050000,
0.000019, 0.000002, 0.100000,
0.000019, 0.000006, 0.316456,
0.000019, 0.000011, 0.582278,
0.000019, 0.000020, 1.063291,
0.000020, 0.000036, 1.797619,
0.000019, 0.000056, 2.937500,
0.000020, 0.000086, 4.297619,
0.000020, 0.000132, 6.583333,
0.000019, 0.000188, 9.862500,
0.000020, 0.000261, 13.035714,
0.000019, 0.000353, 18.500000,
0.000020, 0.000470, 23.464286,
0.000017, 0.000612, 35.652778,
0.000020, 0.000784, 39.142857,
0.000020, 0.000989, 49.380952,
0.000020, 0.001235, 61.666667,
0.000020, 0.001519, 75.845238,
0.000019, 0.001853, 97.150000,
0.000022, 0.002238, 100.935484,
0.000020, 0.002682, 135.530120,
0.000018, 0.003135, 175.320000,
0.000019, 0.003701, 194.050000,
0.000022, 0.004421, 201.565217,
0.000021, 0.005113, 243.693182,
0.000019, 0.005870, 307.750000,
0.000021, 0.006838, 325.909091,
0.000019, 0.007819, 415.126582,
0.000021, 0.008895, 419.191011,
0.000018, 0.010060, 562.600000,
0.000021, 0.011379, 542.352273,
0.000024, 0.013013, 540.396040,
0.000020, 0.014509, 724.464286,
0.000018, 0.016273, 910.053333,
0.000005, 0.018034, 3601.904762,
0.000026, 0.020120, 774.211009,
0.000022, 0.022324, 1017.760870,
0.000018, 0.024752, 1366.013158,
0.000004, 0.027430, 6767.647059,
0.000020, 0.030056, 1518.843373,
0.000005, 0.033129, 6616.809524,
0.000021, 0.036253, 1727.909091,
0.000021, 0.039915, 1902.454545,
0.000030, 0.043766, 1456.888889,
0.000005, 0.047856, 9558.238095,
0.000018, 0.051674, 2889.813333,
0.000021, 0.055996, 2668.909091,
0.000019, 0.060848, 3190.187500,
0.000025, 0.065792, 2628.114286,
0.000022, 0.071814, 3274.021739,
0.000006, 0.076775, 12880.720000,
0.000018, 0.082798, 4569.473684,
0.000019, 0.089598, 4697.512500,
0.000018, 0.096542, 5327.973684,
0.000024, 0.102906, 4273.465347,
0.000032, 0.110842, 3469.440299,
0.000005, 0.118347, 23637.285714,
0.000015, 0.126687, 8434.349206,
0.000006, 0.135279, 21823.153846,
0.000035, 0.144549, 4124.367347,
0.000021, 0.155490, 7411.056818,
0.000017, 0.164063, 9557.361111,
0.000021, 0.174782, 8330.556818,
0.000023, 0.185670, 8028.412371,
