0.000614,
0.000650,
0.000694,
0.000710,
0.000897,
0.000723,
0.000817,
0.000624,
0.000625,
0.000683,
0.000673,
0.000799,
0.000682,
0.000605,
0.000611,
0.000586,
0.000670,
0.000713,
0.000705,
0.000577,
0.000577,
0.000601,
0.000660,
0.000702,
0.000737,
0.000611,
0.000588,
0.000628,
0.000710,
0.000683,
0.000593,
0.000573,
0.000572,
0.000588,
0.000837,
0.000696,
0.000652,
0.000657,
0.000670,
0.000722,
0.000774,
0.000757,
0.000825,
0.000850,
0.000837,
0.000873,
0.000943,
0.000943,
0.000171,
0.000173,
0.000175,
0.000164,
0.000172,
0.000174,
0.000170,
0.000171,
0.000175,
0.000175,
0.000175,
0.000170,
0.000639,
0.000688,
0.000749,
0.000748,
0.000627,
0.000633,
0.000610,
0.000711,
0.000721,
0.000752,
0.000594,
0.000620,
0.000601,
0.000646,
0.000709,
0.000682,
0.000580,
0.000592,
0.000590,
0.000665,
0.000670,
0.000666,
0.000573,
0.000574,
0.000661,
0.000660,
0.000674,
0.000604,
0.000578,
0.000590,
0.000652,
0.000687,
0.000574,
0.000574,
0.000574,
0.000671,
0.000746,
0.000671,
0.000651,
0.000654,
0.000722,
0.000746,
0.000939,
0.000836,
0.000808,
0.000806,
0.000847,
0.000936,
0.001397,
0.001187,
0.001182,
0.001173,
0.000169,
0.000171,
0.000171,
0.000172,
0.000173,
0.000172,
0.000175,
0.000171,
0.000625,
0.000625,
0.000622,
0.000684,
0.000830,
0.000724,
0.000622,
0.000641,
0.000614,
0.000684,
0.000695,
0.000716,
0.000588,
0.000615,
0.000603,
0.000674,
0.000707,
0.000687,
0.000585,
0.000591,
0.000560,
0.000653,
0.000669,
0.000670,
0.000576,
0.000575,
0.000604,
0.000577,
0.000820,
0.000689,
0.000601,
0.000575,
0.000577,
0.000626,
0.000683,
0.000576,
0.000677,
0.000662,
0.000693,
0.000773,
0.000768,
0.000669,
0.000818,
0.000842,
0.000844,
0.000891,
0.000913,
0.000916,
0.001168,
0.001163,
0.001174,
0.001178,
0.001972,
0.001941,
0.001998,
0.002001,
0.000174,
0.000175,
0.000173,
0.000180,
0.000621,
0.000717,
0.000733,
0.000640,
0.000640,
0.000625,
0.000625,
0.000718,
0.000746,
0.000714,
0.000587,
0.000613,
0.000602,
0.000593,
0.000647,
0.000717,
0.000685,
0.000589,
0.000613,
0.000597,
0.000644,
0.000700,
0.000675,
0.000578,
0.000605,
0.000577,
0.000664,
0.000673,
0.000692,
0.000577,
0.000577,
0.000568,
0.000641,
0.000671,
0.000670,
0.000579,
0.000656,
0.000675,
0.000734,
0.000774,
0.000740,
0.000650,
0.000837,
0.000814,
0.000882,
0.000939,
0.000944,
0.000831,
0.001192,
0.001191,
0.001208,
0.001224,
0.001997,
0.002097,
0.002010,
0.001883,
0.003323,
0.003310,
0.000180,
0.000173,
0.000719,
0.000720,
0.000746,
0.000651,
0.000641,
0.000632,
0.000675,
0.000720,
0.000846,
0.000615,
0.000612,
0.000643,
0.000845,
0.000712,
0.000611,
0.000611,
0.000620,
0.000588,
0.000648,
0.000688,
0.000672,
0.000558,
0.000605,
0.000599,
0.000864,
0.000684,
0.000590,
0.000573,
0.000574,
0.000573,
0.000655,
0.000576,
0.000580,
0.000609,
0.000863,
0.000667,
0.000674,
0.000645,
0.000675,
0.000710,
0.000750,
0.000741,
0.000835,
0.000813,
0.000604,
0.000868,
0.000941,
0.000949,
0.001167,
0.001164,
0.001158,
0.001157,
0.001886,
0.001983,
0.001931,
0.001988,
0.003442,
0.003427,
0.006303,
0.006228,
0.000586,
0.000656,
0.000718,
0.000711,
0.000587,
0.000617,
0.000588,
0.000836,
0.000809,
0.000588,
0.000581,
0.000578,
0.000664,
0.000718,
0.000694,
0.000578,
0.000600,
0.000598,
0.000596,
0.000797,
0.000692,
0.000699,
0.000579,
0.000601,
0.000581,
0.000867,
0.000437,
0.000655,
0.000660,
0.000681,
0.000702,
0.000741,
0.000906,
0.000821,
0.000835,
0.000838,
0.000816,
0.000890,
0.001265,
0.001262,
0.001186,
0.001170,
0.001911,
0.001888,
0.001887,
0.001974,
0.003376,
0.003418,
0.006219,
0.006153,
0.000629,
0.000626,
0.000698,
0.000812,
0.000645,
0.000641,
0.000627,
0.000626,
0.000699,
0.000737,
0.000580,
0.000585,
0.000611,
0.000664,
0.000799,
0.000682,
0.000614,
0.000593,
0.000614,
0.000641,
0.000681,
0.000671,
0.000605,
0.000597,
0.000632,
0.000633,
0.000792,
0.000804,
0.000651,
0.000650,
0.000655,
0.000649,
0.000741,
0.000747,
0.001007,
0.000815,
0.000815,
0.000831,
0.000876,
0.000922,
0.001265,
0.001161,
0.001184,
0.001189,
0.001911,
0.001888,
0.001954,
0.001963,
0.003414,
0.003515,
0.006405,
0.006193,
0.000623,
0.000626,
0.000709,
0.000823,
0.000728,
0.000625,
0.000625,
0.000613,
0.000711,
0.000742,
0.000678,
0.000589,
0.000599,
0.000637,
0.000720,
0.000679,
0.000584,
0.000602,
0.000639,
0.000648,
0.000678,
0.000664,
0.000576,
0.000583,
0.000665,
0.000706,
0.000711,
0.000574,
0.000577,
0.000570,
0.000633,
0.000674,
0.000783,
0.000597,
0.000574,
0.000663,
0.000931,
0.000942,
0.000879,
0.000814,
0.000845,
0.000906,
0.001283,
0.001263,
0.001188,
0.001161,
0.001886,
0.001941,
0.001910,
0.001894,
0.003371,
0.003317,
0.006222,
0.006161,
0.000645,
0.000685,
0.000622,
0.000858,
0.000742,
0.000646,
0.000635,
0.000623,
0.000687,
0.000718,
0.000687,
0.000580,
0.000608,
0.000624,
0.000684,
0.000844,
0.000693,
0.000596,
0.000585,
0.000591,
0.000618,
0.000711,
0.000677,
0.000602,
0.000576,
0.000574,
0.000658,
0.000683,
0.000600,
0.000589,
0.000567,
0.000593,
0.000634,
0.000673,
0.000672,
0.000571,
0.000670,
0.000644,
0.000711,
0.000745,
0.000744,
0.000651,
0.000806,
0.000837,
0.000947,
0.000920,
0.000834,
0.000848,
0.001908,
0.001907,
0.001910,
0.001962,
0.003404,
0.003386,
0.006252,
0.006165,
0.000651,
0.000627,
0.000621,
0.000710,
0.000752,
0.000752,
0.000677,
0.000626,
0.000655,
0.000706,
0.000743,
0.000703,
0.000587,
0.000589,
0.000588,
0.000676,
0.000719,
0.000688,
0.000595,
0.000587,
0.000578,
0.000662,
0.000692,
0.000694,
0.000576,
0.000582,
0.000577,
0.000659,
0.000701,
0.000691,
0.000574,
0.000594,
0.000578,
0.000657,
0.000674,
0.000633,
0.000678,
0.000653,
0.000657,
0.000733,
0.000743,
0.000758,
0.000817,
0.000845,
0.000835,
0.000874,
0.000911,
0.000942,
0.001203,
0.001160,
0.001166,
0.001229,
0.002080,
0.002009,
0.002013,
0.002012,
0.006262,
0.006258,
0.000691,
0.000686,
0.000744,
0.000646,
0.000660,
0.000618,
0.000717,
0.000842,
0.000724,
0.000848,
0.000609,
0.000591,
0.000598,
0.000664,
0.000710,
0.000743,
0.000588,
0.000612,
0.000647,
0.000713,
0.000711,
0.000579,
0.000564,
0.000602,
0.000661,
0.000699,
0.000750,
0.000602,
0.000601,
0.000573,
0.000636,
0.000891,
0.000697,
0.000580,
0.000575,
0.000571,
0.000737,
0.000786,
0.000764,
0.000668,
0.000668,
0.000651,
0.000873,
0.000942,
0.000941,
0.000838,
0.000832,
0.000806,
0.001251,
0.001401,
0.001288,
0.001266,
0.001883,
0.001907,
0.001884,
0.001907,
0.003320,
0.003325,
0.006157,
0.006157,
0.000612,
0.000583,
0.000590,
0.000612,
0.000655,
0.000684,
0.000590,
0.000589,
0.000581,
0.000654,
0.000674,
0.000671,
0.000597,
0.000599,
0.000575,
0.000621,
0.000703,
0.000701,
0.000575,
0.000575,
0.000560,
0.000632,
0.000671,
0.000670,
0.000592,
0.000582,
0.000653,
0.000669,
0.000717,
0.000775,
0.000754,
0.000671,
0.000817,
0.000814,
0.000878,
0.000928,
0.000938,
0.000818,
0.001184,
0.001174,
0.001189,
0.001253,
0.002117,
0.001992,
0.002081,
0.001976,
0.003319,
0.003315,
0.006165,
0.006287,
0.000664,
0.000709,
0.000703,
0.000584,
0.000605,
0.000584,
0.000662,
0.000670,
0.000570,
0.000576,
0.000596,
0.000656,
0.000664,
0.000670,
0.000594,
0.000578,
0.000652,
0.000709,
0.000765,
0.000908,
0.000673,
0.000668,
0.000842,
0.000815,
0.000880,
0.000942,
0.000905,
0.000828,
0.001187,
0.001181,
0.001240,
0.001236,
0.001986,
0.002009,
0.001984,
0.002016,
0.003451,
0.003409,
0.006256,
0.006271,
0.000580,
0.000656,
0.000698,
0.000699,
0.000625,
0.000578,
0.000561,
0.000638,
0.000848,
0.000766,
0.000652,
0.000654,
0.000678,
0.000650,
0.000873,
0.000937,
0.000913,
0.000816,
0.000832,
0.000834,
0.001220,
0.001225,
0.001270,
0.001261,
0.001922,
0.001908,
0.001877,
0.001909,
0.003314,
0.003316,
0.006166,
0.006264,
0.000772,
0.000649,
0.000675,
0.000675,
0.000731,
0.000873,
0.000938,
0.000809,
0.000808,
0.000815,
0.000877,
0.001044,
0.001425,
0.001257,
0.001184,
0.001184,
0.001891,
0.001885,
0.001876,
0.001894,
0.003375,
0.003364,
0.006216,
0.006165,
0.000815,
0.000819,
0.000840,
0.000873,
0.000940,
0.000912,
0.001176,
0.001175,
0.001175,
0.001168,
0.001944,
0.001937,
0.002111,
0.001991,
0.003446,
0.003567,
0.006257,
0.006252,
0.000178,
0.000177,
0.000171,
0.000171,
0.000172,
0.000173,
0.000172,
0.000188,
0.000172,
0.000173,
0.000171,
0.000173,
0.000179,
0.000172,
0.000170,
0.000177,
0.000171,
0.000171,
0.000175,
0.000172,
0.000170,
0.000178,
0.000176,
0.000177,
0.000186,
0.000173,
